1666059836352499962
1666059836452088594
1666059836551673889
1666059836651351690
1666059836751101017
1666059836850907803
1666059836950758457
1666059837050643444
1666059837150555611
1666059837250488520
1666059837350441456
1666059837450401068
1666059837550369978
1666059837650346041
1666059837750327587
1666059837850313425
1666059837950302601
1666059838050293922
1666059838150287628
1666059838250282526
1666059838350278378
1666059838450278044
1666059838550277948
1666059838650278091
1666059838750277996
1666059838850277901
1666059838950278044
1666059839050277948
1666059839150278091
1666059839250277996
1666059839350277901
1666059839450278044
1666059839550277948
1666059839650278091
1666059839750277996
1666059839850277901
1666059839950278044
1666059840050277948
1666059840150278091
1666059840250277996
1666059840350277901
1666059840450278044
1666059840550277948
1666059840650278091
1666059840750277996
1666059840850277901
1666059840950278044
1666059841050277948
1666059841150278091
1666059841250277996
1666059841350277901
1666059841450278044
1666059841550277948
1666059841650278091
1666059841750267982
1666059841850255489
1666059841950246096
1666059842050238371
1666059842150232077
1666059842250228405
1666059842350225449
1666059842450225592
1666059842550227404
1666059842650232553
1666059842750236511
1666059842850241899
1666059842950248480
1666059843050255060
1666059843150262594
1666059843250271082
1666059843350281477
1666059843450293541
1666059843550306559
1666059843650317669
1666059843750323057
1666059843850322962
1666059843950323105
1666059844050323009
1666059844150323153
1666059844250323057
1666059844350322962
1666059844450323105
1666059844550323009
1666059844650323153
1666059844750323057
1666059844850322962
1666059844950323105
1666059845050323009
1666059845150323153
1666059845250323057
1666059845350322962
1666059845450323105
1666059845550323009
1666059845650323153
1666059845750323057
1666059845850322962
1666059845950323105
1666059846050323009
1666059846150323153
1666059846250323057
1666059846350322962
1666059846450323105
1666059846550323009
1666059846650329590
1666059846750349522
1666059846850365400
1666059846950379133
1666059847050388336
1666059847150397539
1666059847250405550
1666059847350410461
1666059847450413942
1666059847550415516
1666059847650415659
1666059847750413895
1666059847850410938
1666059847950407028
1666059848050401926
1666059848150396109
1666059848250389099
1666059848350381374
1666059848450373650
1666059848550364017
1666059848650354147
1666059848750354052
1666059848850353956
1666059848950354099
1666059849050354004
1666059849150354147
1666059849250335932
1666059849350320816
1666059849450308561
1666059849550297499
1666059849650287628
1666059849750278473
1666059849850270987
1666059849950263023
1666059850050255537
1666059850150248051
1666059850250241518
1666059850350235462
1666059850450230598
1666059850550225019
1666059850650220156
1666059850750214577
1666059850850209951
1666059850950205088
1666059851050201416
1666059851150200129
1666059851250199556
1666059851350199461
1666059851450199604
1666059851550199509
1666059851650199652
1666059851750199556
1666059851850199461
1666059851950206995
1666059852050220490
1666059852150232077
1666059852250242472
1666059852350250959
1666059852450259447
1666059852550268412
1666059852650278091
1666059852750288963
1666059852850298882
1666059852950307608
1666059853050314426
1666059853150320530
1666059853250325441
1666059853350328922
1666059853450332165
1666059853550332069
1666059853650329590
1666059853750325441
1666059853850319862
1666059853950314522
1666059854050314426
1666059854150314569
1666059854250314474
1666059854350314379
1666059854450314522
1666059854550314426
1666059854650314569
1666059854750314474
1666059854850314379
1666059854950314522
1666059855050314426
1666059855150314569
1666059855250314474
1666059855350314379
1666059855450314522
1666059855550314426
1666059855650314569
1666059855750314474
1666059855850314379
1666059855950314522
1666059856050314426
1666059856150314569
1666059856250314474
1666059856350314379
1666059856450314522
1666059856550314426
1666059856650314569
1666059856750314474
1666059856850314379
1666059856950314522
1666059857050314426
1666059857150314569
1666059857250314474
1666059857350314379
1666059857450314522
1666059857550314426
1666059857650314569
1666059857750314474
1666059857850314379
1666059857950314522
1666059858050314426
1666059858150314569
1666059858250314474
1666059858350314379
1666059858450314522
1666059858550314426
1666059858650314569
1666059858750299454
1666059858850287437
1666059858950278521
1666059859050271511
1666059859150266647
1666059859250262499
1666059859350260019
1666059859450258970
1666059859550258398
1666059859650258541
1666059859750258923
1666059859850258827
1666059859950258017
1666059860050257921
1666059860150258541
1666059860250260592
1666059860350263357
1666059860450267553
1666059860550272942
1666059860650279999
1666059860750281096
1666059860850281000
1666059860950281143
1666059861050281048
1666059861150281191
1666059861250281096
1666059861350281000
1666059861450281143
1666059861550281048
1666059861650281191
1666059861750281096
1666059861850281000
1666059861950281143
1666059862050281048
1666059862150281191
1666059862250281096
1666059862350281000
1666059862450281143
1666059862550281048
1666059862650281191
1666059862750281096
1666059862850281000
1666059862950281143
1666059863050281048
1666059863150281191
1666059863250273943
1666059863350260496
1666059863450248480
1666059863550236464
1666059863650225639
1666059863750215054
1666059863850204945
1666059863950195551
1666059864050188065
1666059864150180101
1666059864250173092
1666059864350166321
1666059864450160980
1666059864550155401
1666059864650150537
1666059864750145912
1666059864850140810
1666059864950136662
1666059865050132990
1666059865150130987
1666059865250129461
1666059865350129366
1666059865450129509
1666059865550129414
1666059865650129557
1666059865750129461
1666059865850129366
1666059865950129509
1666059866050129414
1666059866150129557
1666059866250129461
1666059866350129366
1666059866450129509
1666059866550129414
1666059866650129557
1666059866750129461
1666059866850129366
1666059866950129509
1666059867050129414
1666059867150129557
1666059867250129461
1666059867350129366
1666059867450129509
1666059867550129414
1666059867650129557
1666059867750129461
1666059867850129366
1666059867950129509
1666059868050129414
1666059868150129557
1666059868250129461
1666059868350129366
1666059868450129509
1666059868550129414
1666059868650129557
1666059868750129461
1666059868850129366
1666059868950129509
1666059869050129414
1666059869150129557
1666059869250129461
1666059869350129366
1666059869450129509
1666059869550129414
1666059869650129557
1666059869750129461
1666059869850129366
1666059869950129509
1666059870050129414
1666059870150129557
1666059870250129461
1666059870350129366
1666059870450129509
1666059870550129414
1666059870650129557
1666059870750129461
1666059870850129366
1666059870950129509
1666059871050129414
1666059871150129557
1666059871250129461
1666059871350129366
1666059871450129509
1666059871550129414
1666059871650129557
1666059871750129461
1666059871850129366
1666059871950129509
1666059872050129414
1666059872150129557
1666059872250129461
1666059872350129366
1666059872450129509
1666059872550129414
1666059872650129557
1666059872750129461
1666059872850129366
1666059872950124979
1666059873050118923
1666059873150114536
1666059873250109911
1666059873350106478
1666059873450103998
1666059873550101995
1666059873650099993
1666059873750098467
1666059873850096941
1666059873950095654
1666059874050094366
1666059874150093555
1666059874250091553
1666059874350089788
1666059874450088024
1666059874550086021
1666059874650084019
1666059874750082493
1666059874850080967
1666059874950080633
1666059875050080538
1666059875150080681
1666059875250080585
1666059875350080490
1666059875450080633
1666059875550080538
1666059875650080681
1666059875750080585
1666059875850080490
1666059875950080633
1666059876050080538
1666059876150080681
1666059876250080585
1666059876350080490
1666059876450080633
1666059876550080538
1666059876650080681
1666059876750080585
1666059876850080490
1666059876950080633
1666059877050080538
1666059877150080681
1666059877250080585
1666059877350080490
1666059877450080633
1666059877550080538
1666059877650080681
1666059877750080585
1666059877850080490
1666059877950080633
1666059878050080538
1666059878150080681
1666059878250080585
1666059878350080490
1666059878450080633
1666059878550080538
1666059878650080681
1666059878750080585
1666059878850080490
1666059878950080633
1666059879050080538
1666059879150080681
1666059879250080585
1666059879350080490
1666059879450080633
1666059879550080538
1666059879650080681
1666059879750080585
1666059879850080490
1666059879950080633
1666059880050080538
1666059880150080681
1666059880250080585
1666059880350080490
1666059880450080633
1666059880550080538
1666059880650080681
1666059880750080585
1666059880850080490
1666059880950080633
1666059881050080538
1666059881150080681
1666059881250080585
1666059881350080490
1666059881450080633
1666059881550080538
1666059881650080681
1666059881750080585
1666059881850084305
1666059881950089455
1666059882050093889
1666059882150098085
1666059882250101089
1666059882350103378
1666059882450105429
1666059882550107479
1666059882650108576
1666059882750109911
1666059882850111008
1666059882950112581
1666059883050113440
1666059883150115013
1666059883250116110
1666059883350116491
1666059883450117588
1666059883550118446
1666059883650119066
1666059883750119448
1666059883850119829
1666059883950119972
1666059884050119877
1666059884150120020
1666059884250119925
1666059884350119829
1666059884450119972
1666059884550119877
1666059884650120020
1666059884750119925
1666059884850119829
1666059884950119972
1666059885050119877
1666059885150120020
1666059885250119925
1666059885350119829
1666059885450119972
1666059885550119877
1666059885650120020
1666059885750119925
1666059885850119829
1666059885950119972
1666059886050119877
1666059886150120020
1666059886250119925
1666059886350119829
1666059886450119972
1666059886550119877
1666059886650128603
1666059886750135899
1666059886850142479
1666059886950148106
1666059887050152063
1666059887150155544
1666059887250157595
1666059887350157976
1666059887450158119
1666059887550157547
1666059887650156498
1666059887750155926
1666059887850154877
1666059887950154543
1666059888050154448
1666059888150155544
1666059888250157118
1666059888350158453
1666059888450160027
1666059888550163031
1666059888650163651
1666059888750163555
1666059888850163460
1666059888950163603
1666059889050165892
1666059889150177479
1666059889250188589
1666059889350198507
1666059889450207472
1666059889550215483
1666059889650222063
1666059889750227451
1666059889850231886
1666059889950235605
1666059890050237894
1666059890150240660
1666059890250241995
1666059890350244522
1666059890450247526
1666059890550249338
1666059890650250196
1666059890750249386
1666059890850247860
1666059890950245619
1666059891050241947
1666059891150242090
1666059891250241995
1666059891350241899
1666059891450242043
1666059891550241947
1666059891650242090
1666059891750241995
1666059891850241899
1666059891950242043
1666059892050241947
1666059892150242090
1666059892250241995
1666059892350241899
1666059892450242043
1666059892550241947
1666059892650242090
1666059892750241995
1666059892850241899
1666059892950242043
1666059893050241947
1666059893150242090
1666059893250241995
1666059893350245476
1666059893450263500
1666059893550280571
1666059893650296688
1666059893750310898
1666059893850323439
1666059893950334549
1666059894050343037
1666059894150349617
1666059894250355482
1666059894350359917
1666059894450364113
1666059894550366879
1666059894650369644
1666059894750371456
1666059894850371838
1666059894950371504
1666059895050370455
1666059895150368690
1666059895250365973
1666059895350361824
1666059895450361967
1666059895550361872
1666059895650362015
1666059895750361919
1666059895850361824
1666059895950361967
1666059896050361872
1666059896150362015
1666059896250361919
1666059896350361824
1666059896450361967
1666059896550361872
1666059896650362015
1666059896750361919
1666059896850361824
1666059896950361967
1666059897050343513
1666059897150326014
1666059897250308990
1666059897350292921
1666059897450277567
1666059897550262928
1666059897650249481
1666059897750236988
1666059897850227356
1666059897950219631
1666059898050212860
1666059898150206089
1666059898250200033
1666059898350195885
1666059898450193644
1666059898550194502
1666059898650196552
1666059898750200033
1666059898850201845
1666059898950202942
1666059899050203562
1666059899150203705
1666059899250203609
1666059899350203514
1666059899450203657
1666059899550203562
1666059899650203705
1666059899750203609
1666059899850203514
1666059899950203657
1666059900050203562
1666059900150203705
1666059900250203609
1666059900350203514
1666059900450203657
1666059900550203562
1666059900650203705
1666059900750203609
1666059900850203514
1666059900950203657
1666059901050203562
1666059901150203705
1666059901250203609
1666059901350203514
1666059901450203657
1666059901550203562
1666059901650203705
1666059901750203609
1666059901850203514
1666059901950203657
1666059902050203562
1666059902150203705
1666059902250203609
1666059902350203514
1666059902450203657
1666059902550203562
1666059902650203705
1666059902750203609
1666059902850203514
1666059902950203657
1666059903050203562
1666059903150203705
1666059903250203609
1666059903350203514
1666059903450203657
1666059903550203562
1666059903650203705
1666059903750203609
1666059903850203514
1666059903950203657
1666059904050203562
1666059904150203705
1666059904250203609
1666059904350203514
1666059904450203657
1666059904550203562
1666059904650203705
1666059904750203609
1666059904850203514
1666059904950203657
1666059905050203562
1666059905150203705
1666059905250203609
1666059905350203514
1666059905450203657
1666059905550203562
1666059905650203705
1666059905750203609
1666059905850203514
1666059905950203657
1666059906050203562
1666059906150203705
1666059906250203609
1666059906350203514
1666059906450203657
1666059906550203562
1666059906650203705
1666059906750203609
1666059906850203514
1666059906950203657
1666059907050203562
1666059907150203705
1666059907250203609
1666059907350203514
1666059907450203657
1666059907550203562
1666059907650203705
1666059907750203609
1666059907850203514
1666059907950203657
1666059908050203562
1666059908150203705
1666059908250203609
1666059908350203514
1666059908450203657
1666059908550203562
1666059908650203705
1666059908750203609
1666059908850203514
1666059908950203657
1666059909050203562
1666059909150203705
1666059909250203609
1666059909350203514
1666059909450203657
1666059909550203562
1666059909650203705
1666059909750203609
1666059909850203514
1666059909950203657
1666059910050203562
1666059910150203705
1666059910250203609
1666059910350203514
1666059910450203657
1666059910550203562
1666059910650203705
1666059910750203609
1666059910850203514
1666059910950203657
1666059911050203562
1666059911150203705
1666059911250203609
1666059911350203514
1666059911450203657
1666059911550203562
1666059911650217056
1666059911750226498
1666059911850234985
1666059911950242996
1666059912050248861
1666059912150253534
1666059912250257015
1666059912350257397
1666059912450255632
1666059912550256968
1666059912650257587
1666059912750259399
1666059912850261450
1666059912950263023
1666059913050263882
1666059913150264025
1666059913250263453
1666059913350261450
1666059913450260162
1666059913550257921
1666059913650258064
1666059913750257969
1666059913850257874
1666059913950258017
1666059914050257921
1666059914150258064
1666059914250257969
1666059914350257874
1666059914450258017
1666059914550257921
1666059914650258064
1666059914750245094
1666059914850233793
1666059914950225592
1666059915050216913
1666059915150211096
1666059915250205994
1666059915350200891
1666059915450196028
1666059915550192356
1666059915650189638
1666059915750187397
1666059915850185871
1666059915950184584
1666059916050183535
1666059916150182486
1666059916250181437
1666059916350178003
1666059916450175047
1666059916550173044
1666059916650169134
1666059916750168085
1666059916850167990
1666059916950168133
1666059917050168037
1666059917150168180
1666059917250168085
1666059917350167990
1666059917450168133
1666059917550168037
1666059917650168180
1666059917750168085
1666059917850167990
1666059917950168133
1666059918050168037
1666059918150168180
1666059918250168085
1666059918350167990
1666059918450168133
1666059918550168037
1666059918650168180
1666059918750168085
1666059918850167990
1666059918950168133
1666059919050168037
1666059919150168180
1666059919250168085
1666059919350167990
1666059919450168133
1666059919550168037
1666059919650168180
1666059919750168085
1666059919850167990
1666059919950168133
1666059920050168037
1666059920150168180
1666059920250168085
1666059920350167990
1666059920450168133
1666059920550168037
1666059920650168180
1666059920750168085
1666059920850167990
1666059920950159073
1666059921050150394
1666059921150143147
1666059921250134945
1666059921350127935
1666059921450121164
1666059921550115347
1666059921650111198
1666059921750107527
1666059921850104332
1666059921950102568
1666059922050101042
1666059922150099993
1666059922250099897
1666059922350100994
1666059922450102568
1666059922550104380
1666059922650107145
1666059922750110388
1666059922850114346
1666059922950116158
1666059923050116062
1666059923150125027
1666059923250133991
1666059923350142479
1666059923450150490
1666059923550157547
1666059923650164604
1666059923750170946
1666059923850176334
1666059923950181484
1666059924050185919
1666059924150190115
1666059924250194073
1666059924350197315
1666059924450199604
1666059924550199986
1666059924650199652
1666059924750199080
1666059924850198507
1666059924950199127
1666059925050199986
1666059925150200129
1666059925250200033
1666059925350199938
1666059925450200081
1666059925550199986
1666059925650200129
1666059925750200033
1666059925850199938
1666059925950200081
1666059926050199986
1666059926150200129
1666059926250200033
1666059926350199938
1666059926450200081
1666059926550199986
1666059926650204659
1666059926750216961
1666059926850226402
1666059926950236559
1666059927050245047
1666059927150253057
1666059927250260592
1666059927350267410
1666059927450274944
1666059927550282478
1666059927650291681
1666059927750301600
1666059927850311518
1666059927950320959
1666059928050328970
1666059928150336027
1666059928250341415
1666059928350347519
1666059928450351954
1666059928550355434
1666059928650356531
1666059928750356436
1666059928850356340
1666059928950356483
1666059929050356388
1666059929150356531
1666059929250356436
1666059929350356340
1666059929450356483
1666059929550356388
1666059929650356531
1666059929750356436
1666059929850356340
1666059929950356483
1666059930050356388
1666059930150356531
1666059930250356436
1666059930350356340
1666059930450356483
1666059930550356388
1666059930650356531
1666059930750356436
1666059930850356340
1666059930950356483
1666059931050356388
1666059931150356531
1666059931250356436
1666059931350356340
1666059931450356483
1666059931550356388
1666059931650356531
1666059931750356436
1666059931850356340
1666059931950356483
1666059932050356388
1666059932150356531
1666059932250356436
1666059932350356340
1666059932450356483
1666059932550356388
1666059932650356531
