1748517288823053911
1748517288970659499
1748517289117524013
1748517289296868030
1748517289470090709
1748517289603550048
1748517289739597863
1748517289876958425
1748517290008534160
1748517290139963205
1748517290273009317
1748517290408853417
1748517290539771645
1748517290673911912
1748517290807722757
1748517290940442585
1748517291075773645
1748517291209654051
1748517291344467546
1748517291492814002
1748517291644888239
1748517291793033100
1748517291944644116
1748517292077873092
1748517292213781715
1748517292345513406
1748517292491357657
1748517292646752188
1748517292782326366
1748517292915576758
1748517293066205305
1748517293233954146
1748517293389534703
1748517293560099893
1748517293735251143
1748517293920475524
1748517294053522354
1748517294185973415
1748517294319782508
1748517294454075212
1748517294587393964
1748517294720807929
1748517294854680657
1748517294989404443
1748517295122605086
1748517295255801291
1748517295394942557
1748517295559464305
1748517295690971218
1748517295824455829
1748517295960409104
1748517296092407301
1748517296226682494
1748517296360119958
1748517296493455368
1748517296637300757
1748517296796161295
1748517296929257274
1748517297063843422
1748517297198959438
1748517297331482766
1748517297468889162
1748517297599742948
1748517297732539377
1748517297865447546
1748517297999021086
1748517298133707657
1748517298266261553
1748517298401211998
1748517298534585435
1748517298668405601
1748517298804616402
1748517298935743804
1748517299068752947
1748517299202161777
1748517299338150387
1748517299469998637
1748517299620761063
1748517299775768038
1748517299907688274
1748517300039985404
1748517300172266444
1748517300306182307
1748517300441960123
1748517300573698321
1748517300708525136
1748517300841833212
1748517300977295733
1748517301109131306
1748517301246939624
1748517301383205801
1748517301514438089
1748517301645792261
1748517301778142918
1748517301913234520
1748517302047968458
1748517302180998738
1748517302314927858
1748517302448806709
1748517302581888756
1748517302715507693
1748517302866645222
1748517303039995006
1748517303232063970
1748517303400020731
1748517303553125523
1748517303685432284
1748517303819143075
1748517303970168758
1748517304122045508
1748517304254231916
1748517304387449917
1748517304521075034
1748517304656716377
1748517304790396399
1748517304923083800
1748517305056911602
1748517305191371776
1748517305325306573
1748517305459741246
1748517305591999012
1748517305725069653
1748517305859756848
1748517305994030043
1748517306126759378
1748517306261441121
1748517306407320586
1748517306562781618
1748517306697577559
1748517306832270876
1748517306966730358
1748517307097869703
1748517307232289010
1748517307365461876
1748517307511221637
1748517307665478144
1748517307800277922
1748517307934752809
1748517308068295329
1748517308200769854
1748517308335472946
1748517308469479710
1748517308604558089
1748517308769613983
1748517308904763651
1748517309037320330
1748517309173869658
1748517309304898113
1748517309438847182
1748517309572939854
1748517309707225447
1748517309840031397
1748517309973340938
1748517310108135712
1748517310241557604
1748517310376386479
1748517310514347405
1748517310644007882
1748517310777031594
1748517310912392414
1748517311044364102
1748517311179629485
1748517311313225816
1748517311446439263
1748517311581841804
1748517311717194804
1748517311849683071
1748517311982915696
1748517312116862209
1748517312250832846
1748517312384679301
1748517312518803834
1748517312652238733
1748517312785633351
1748517312920051379
1748517313054329360
1748517313191627278
1748517313353867535
1748517313488898844
1748517313621376708
1748517313755321113
1748517313891552780
1748517314023704977
1748517314158119037
1748517314323619323
1748517314458329468
1748517314592259194
1748517314725818990
1748517314861359273
1748517314996137699
1748517315129237226
1748517315261261102
1748517315395243665
1748517315543060006
1748517315716461806
1748517315863876439
1748517315998423118
1748517316132178270
1748517316265706904
1748517316398783781
1748517316534002701
1748517316667551555
1748517316800340502
1748517316934581040
1748517317067527817
1748517317202401746
1748517317336355748
1748517317469375565
1748517317602991095
1748517317736416747
1748517317870965776
1748517318004916757
1748517318141536124
1748517318305240799
1748517318438824573
1748517318572931576
1748517318706450491
1748517318840062967
1748517318979185376
1748517319112630451
1748517319246725218
1748517319409340486
1748517319542894998
1748517319680826898
1748517319822357721
1748517319977305755
1748517320111446143
1748517320250218251
1748517320383562783
1748517320516252992
1748517320668198349
1748517320847383038
1748517320982722470
1748517321116637882
1748517321249860928
1748517321382814233
1748517321516048287
1748517321657432926
1748517321818405984
1748517321952724228
1748517322087024386
1748517322220271459
1748517322400038064
1748517322566614550
1748517322755419326
1748517322897467911
1748517323057083406
1748517323189640954
1748517323343017154
1748517323504794306
1748517323657168303
1748517323791445509
1748517323924910034
1748517324060238652
1748517324193340921
1748517324326554664
1748517324467591985
1748517324634354365
1748517324810792348
1748517325011431526
1748517325196225051
1748517325329603502
1748517325464287806
1748517325597418859
1748517325731069446
1748517325864570091
1748517325998926664
1748517326133439027
1748517326267794528
1748517326402621099
1748517326536039532
1748517326669257754
1748517326802702993
1748517326936246874
1748517327069190035
1748517327202304732
1748517327337905718
1748517327473681107
1748517327607336429
1748517327741519098
1748517327873647777
1748517328020478748
1748517328192261861
1748517328388619816
1748517328556520506
1748517328726799557
1748517328925425794
1748517329096079995
1748517329292189301
1748517329496078263
1748517329679751102
1748517329815374636
1748517329949791926
1748517330086692528
1748517330249216419
1748517330382961229
1748517330516590117
1748517330650007440
1748517330800181543
1748517330983115856
1748517331116536613
1748517331250406756
1748517331383689753
1748517331518827290
1748517331653427130
1748517331787022542
1748517331923367997
1748517332058983668
1748517332192136324
1748517332328241726
1748517332488410214
1748517332622995490
1748517332755511542
1748517332889581793
1748517333022489754
1748517333160737255
1748517333292665601
1748517333424941839
1748517333562205331
1748517333696782668
1748517333828445129
1748517333961937870
1748517334094354467
1748517334228317712
1748517334360968113
1748517334498006411
1748517334664980568
1748517334800678608
1748517334934577470
1748517335097795891
1748517335231379307
1748517335399148270
1748517335533308421
1748517335667075604
1748517335801356188
1748517335935670110
1748517336074392254
1748517336239774890
1748517336373557155
1748517336508505033
1748517336677558607
1748517336839487958
1748517336972449557
1748517337105028403
1748517337240784471
1748517337392289439
1748517337581703436
1748517337756049788
1748517337913678827
1748517338074569100
1748517338209730947
1748517338342783577
1748517338491371556
1748517338645126831
1748517338777978392
1748517338911039480
1748517339044328585
1748517339177748103
1748517339311466738
1748517339446878930
1748517339578947803
1748517339716619820
1748517339848514488
1748517339982465174
1748517340117927827
1748517340249962623
1748517340381658176
1748517340517911481
1748517340649923467
1748517340784275969
1748517340917458996
1748517341050820340
1748517341184680395
1748517341327166809
1748517341489767897
1748517341622173877
1748517341753249951
1748517341887475699
1748517342020686097
1748517342154599343
1748517342290595054
1748517342440456752
1748517342593766551
1748517342727619840
1748517342908039678
1748517343058480332
1748517343192943024
1748517343326068460
1748517343459704745
1748517343592495433
1748517343727491284
1748517343896206060
1748517344062052437
1748517344228509692
1748517344363124964
1748517344496544365
1748517344630275456
1748517344765611871
1748517344900706962
1748517345033995599
1748517345166467622
1748517345302306290
1748517345436226858
1748517345570595960
1748517345702936667
1748517345835858232
1748517345968913236
1748517346103506645
1748517346236487477
1748517346369513423
1748517346506173499
1748517346638699470
1748517346770132541
1748517346904658464
1748517347037765714
1748517347172233580
1748517347305277686
1748517347438643120
1748517347572343276
1748517347715942731
1748517347874147291
1748517348008726824
1748517348140607870
1748517348276941583
1748517348415574190
1748517348546101200
1748517348678494049
1748517348811778380
1748517348944354128
1748517349078091722
1748517349211880178
1748517349364876652
1748517349513498249
1748517349649320155
1748517349783194842
1748517349916824188
1748517350049521640
1748517350184938463
1748517350319465279
1748517350484999231
1748517350618481949
1748517350751878204
1748517350886481887
1748517351020381549
1748517351153239855
1748517351286625631
1748517351420455840
1748517351554243511
1748517351689041792
1748517351822147606
1748517351956436406
1748517352092002434
1748517352260348973
1748517352396506282
1748517352572304978
1748517352732977216
1748517352892776679
1748517353027128201
1748517353161049558
1748517353295456662
1748517353430979501
1748517353568719603
1748517353763614897
1748517353897326473
1748517354031083104
1748517354164721860
1748517354298282844
1748517354432486630
1748517354567143606
1748517354700641163
1748517354833854922
1748517354967157962
1748517355101165342
1748517355234860896
1748517355371465437
1748517355504886709
1748517355637982844
1748517355770549587
1748517355904235821
1748517356038124977
1748517356170912686
1748517356315430703
1748517356475126125
1748517356607360426
1748517356739440004
1748517356873484400
1748517357007641466
1748517357140392593
1748517357275130217
1748517357409488604
1748517357541999842
1748517357676556102
1748517357826869597
1748517358012110292
1748517358144632749
1748517358278328637
1748517358413266571
1748517358546020677
1748517358681186128
1748517358814302454
1748517358947144350
1748517359081475199
1748517359215171800
1748517359348839825
1748517359487271116
1748517359624092507
1748517359757568064
1748517359891176675
1748517360023903812
1748517360188877604
1748517360330135827
1748517360487001679
1748517360621746799
1748517360755121837
1748517360890803632
1748517361023427702
1748517361160130639
1748517361294355241
1748517361426853184
1748517361559485110
1748517361691867315
1748517361827004487
1748517361992390597
1748517362125639280
1748517362259278306
1748517362393653718
1748517362538157145
1748517362695124155
1748517362832548612
1748517363031648345
1748517363164461245
1748517363298123238
1748517363430573725
1748517363565658750
1748517363698721961
1748517363833137018
1748517363967005613
1748517364101008371
1748517364237897357
1748517364371655393
1748517364534490640
1748517364669789922
1748517364803175645
1748517364936154184
1748517365070144053
1748517365204493504
1748517365371795096
1748517365505189549
1748517365638687625
1748517365773999343
1748517365908532142
1748517366049988639
1748517366225204308
1748517366407396530
1748517366542336707
1748517366675541421
1748517366808897284
1748517366942374856
1748517367076408111
1748517367210153701
1748517367344116532
1748517367478698820
1748517367615377696
1748517367750158608
1748517367913410860
1748517368047114018
1748517368180896372
1748517368314168169
1748517368448643319
1748517368582245739
1748517368716437827
1748517368849787563
1748517368983472068
1748517369116970443
1748517369253276819
1748517369385877795
1748517369519723949
1748517369654481287
1748517369788752860
1748517369923236142
1748517370057216238
1748517370191838547
1748517370354462060
1748517370489777584
1748517370623372532
1748517370756884974
1748517370905980151
1748517371058128785
1748517371208540312
1748517371407991700
1748517371592340366
1748517371726472278
1748517371860454980
1748517371994851628
1748517372127690589
1748517372261510284
1748517372395463305
1748517372541544189
1748517372714092309
1748517372913134682
1748517373086770677
1748517373267222639
1748517373405730658
1748517373566323087
1748517373701604519
1748517373834956751
1748517373969217360
1748517374102325704
1748517374235293116
1748517374369146940
1748517374503902723
1748517374640385472
1748517374804463632
1748517374939799407
1748517375076727548
1748517375239014298
1748517375373362094
1748517375507698137
1748517375641407397
1748517375774565618
1748517375915767287
1748517376075394546
1748517376228435608
1748517376410101457
1748517376545299850
1748517376680408950
1748517376814837479
1748517376949380337
1748517377113585721
1748517377249908506
1748517377386111687
1748517377518218232
1748517377651594796
1748517377785289081
1748517377919016469
1748517378081961380
1748517378215368733
1748517378349195293
1748517378483290966
1748517378617515611
1748517378750710510
1748517378885310665
1748517379019764711
1748517379153159785
1748517379288450491
1748517379422388047
1748517379557464656
1748517379692584772
1748517379856417430
1748517379990049426
1748517380125047521
1748517380290582513
1748517380423649332
1748517380573573258
1748517380775698048
1748517380959214158
1748517381095208886
1748517381230428864
1748517381369178961
1748517381528550354
1748517381662359963
1748517381798190805
1748517381963316278
1748517382097382408
1748517382231067027
1748517382365003862
1748517382497992167
1748517382631347327
1748517382766103809
1748517382901014729
1748517383034723330
1748517383168423459
1748517383302148243
1748517383454723074
1748517383637600066
1748517383774617897
1748517383939547184
1748517384075421126
1748517384255788345
1748517384436871842
1748517384586874491
1748517384771437436
1748517384904253428
1748517385041217309
1748517385175445358
1748517385308100586
1748517385439172940
1748517385572020354
1748517385706248923
1748517385847318371
1748517385985868886
1748517386140882886
1748517386275402959
1748517386408091302
1748517386541713757
1748517386675999807
1748517386810351681
1748517386943212656
1748517387077766476
1748517387210921224
1748517387346414516
1748517387479212385
1748517387613256403
1748517387747226747
1748517387884024747
1748517388020143456
1748517388151455510
1748517388283903220
1748517388418109108
1748517388550660010
1748517388685400027
1748517388818382501
1748517388963377302
1748517389119188232
1748517389253198765
1748517389386985099
1748517389521028888
1748517389655091533
1748517389791569450
1748517389922672454
1748517390056029196
1748517390205831136
1748517390406664674
1748517390578470143
1748517390773807813
1748517390928000395
1748517391060966444
1748517391194010025
1748517391327361718
1748517391460897703
1748517391595283034
1748517391729459575
1748517391862733606
1748517391997321279
1748517392130842911
1748517392264749923
1748517392398849796
1748517392532181053
1748517392665744112
1748517392800115673
1748517392974030219
1748517393134439984
1748517393268459682
1748517393402715024
1748517393538181563
1748517393670093203
1748517393803991500
1748517393937501959
1748517394072080494
1748517394206167914
1748517394341632881
1748517394487635922
1748517394678234742
1748517394840695866
1748517394975413658
1748517395110202445
1748517395244398534
1748517395377973686
1748517395512765746
1748517395646572359
1748517395781282410
1748517395947172353
1748517396082617629
1748517396219007237
1748517396387086772
1748517396549112326
1748517396681987552
1748517396822330809
1748517396981963860
1748517397117203588
1748517397250589746
1748517397384755793
1748517397518053150
1748517397650902816
1748517397784639035
1748517397918029555
1748517398051727287
1748517398185726958
1748517398320506051
1748517398454631277
1748517398589759556
1748517398722984991
1748517398855938791
1748517398987930674
1748517399123533790
1748517399256927415
1748517399393501758
1748517399528626620
1748517399661822337
1748517399796327310
1748517399929815669
1748517400109772640
1748517400310749975
1748517400511009322
1748517400694278885
1748517400827802257
1748517400961968112
1748517401096120055
1748517401229359963
1748517401362726015
1748517401497507056
1748517401647906887
1748517401806028870
1748517401965401206
1748517402100098607
1748517402234730721
1748517402368344069
1748517402504070475
1748517402667535640
1748517402801290239
1748517402943437107
1748517403102234744
1748517403236097885
1748517403370054087
1748517403504243817
1748517403637779308
1748517403771499206
1748517403906443811
1748517404039799545
1748517404209183006
1748517404373713176
1748517404508354641
1748517404643538692
1748517404809668791
1748517404943804667
1748517405077748542
1748517405210488510
1748517405344922054
1748517405480760880
1748517405613297303
1748517405745701428
1748517405879621128
1748517406013088085
1748517406148944512
1748517406329261201
1748517406502422499
1748517406697708790
1748517406854722049
1748517406989001901
1748517407122724626
1748517407254468372
1748517407389323806
1748517407524852888
1748517407685777728
1748517407819834625
1748517407954731957
1748517408088615756
1748517408221505562
1748517408355159687
1748517408491176448
1748517408625447765
1748517408760445767
1748517408901252911
1748517409057405006
1748517409190661829
1748517409326209050
1748517409460754351
1748517409595449793
1748517409729423931
1748517409864520107
1748517409999526235
1748517410162527449
1748517410296407956
1748517410431300780
1748517410564892594
1748517410698239725
1748517410833479306
1748517410964548294
1748517411098506561
1748517411232681900
1748517411375092867
1748517411533117107
1748517411667243978
1748517411803198530
1748517411938395108
1748517412102327218
1748517412236862145
1748517412402876382
1748517412538025481
1748517412672083040
1748517412810745756
1748517412983633942
1748517413138398975
1748517413289685496
1748517413472779228
1748517413607702408
1748517413742951744
1748517413922849300
1748517414109786666
1748517414245617003
1748517414412291893
1748517414547924208
1748517414684002271
1748517414846686775
1748517414983979304
1748517415116988554
1748517415249712169
1748517415383658823
1748517415517601789
1748517415652114832
1748517415814116225
1748517415948719460
1748517416083392539
1748517416218359278
1748517416351428344
1748517416485880727
1748517416620434191
1748517416786391820
1748517416954644508
1748517417087121233
1748517417224106727
1748517417388076074
1748517417520839087
1748517417655260408
1748517417791475029
1748517417958119314
1748517418125219224
1748517418293358318
1748517418428684395
1748517418595581597
1748517418757718375
1748517418892434439
1748517419025501510
1748517419166896814
1748517419329145162
1748517419510304691
1748517419693867152
1748517419828181873
1748517419962058440
1748517420095600503
1748517420229738358
1748517420363662625
1748517420498600125
1748517420631830399
1748517420766487530
1748517420901018985
1748517421069164158
1748517421203475449
1748517421338855912
1748517421503113369
1748517421636180471
1748517421770218196
1748517421903309018
1748517422037415317
1748517422171175191
1748517422304502813
1748517422449565361
1748517422607903900
1748517422741215501
1748517422908588083
1748517423039399792
1748517423172889059
1748517423306534815
1748517423440416233
1748517423574536741
1748517423707848888
1748517423841672017
1748517423976113506
1748517424110564175
1748517424246740375
1748517424383664303
1748517424545081211
1748517424680146559
1748517424814276744
1748517424948895820
1748517425084168172
1748517425247205299
1748517425382554079
1748517425518637923
1748517425653121247
1748517425832269723
1748517425983467560
1748517426117058988
1748517426251257525
1748517426384278903
1748517426517840375
1748517426651921861
1748517426788274525
1748517426921918822
1748517427054407232
1748517427190139014
1748517427322865948
1748517427455442123
1748517427588983008
1748517427722677481
1748517427856195854
1748517427992033174
1748517428124788365
1748517428257968448
1748517428392027738
1748517428526079911
1748517428660643764
1748517428792839490
1748517428926925275
1748517429061362578
1748517429193992817
1748517429329709760
1748517429462759837
1748517429597148203
1748517429777685272
1748517429942491169
1748517430109042008
1748517430267160362
1748517430403815500
1748517430566998045
1748517430713327415
1748517430866388309
1748517431000569323
1748517431134610934
1748517431269575246
1748517431404033515
1748517431539742542
1748517431674319025
1748517431836417945
1748517431972784778
1748517432108454274
1748517432242375254
1748517432405132162
1748517432540670845
1748517432673593331
1748517432808400505
1748517432942887226
1748517433077591135
1748517433212251028
1748517433376712505
1748517433511572251
1748517433678698085
1748517433813663632
1748517433951241472
1748517434085815435
1748517434218570315
1748517434351278484
1748517434487071080
1748517434648217740
1748517434782669388
1748517434918364972
1748517435084804997
1748517435239247897
1748517435416847665
1748517435550704235
1748517435683896808
1748517435819854257
1748517435984037123
1748517436118564804
1748517436253445138
1748517436387064707
1748517436519479789
1748517436653654003
1748517436787254952
1748517436920830307
1748517437054176749
1748517437190094718
1748517437323300138
1748517437457651751
1748517437590317862
1748517437723644530
1748517437857649262
1748517437992208193
1748517438125914781
1748517438260617142
1748517438394406354
1748517438527339406
1748517438660939033
1748517438795134480
1748517438928407372
1748517439062375415
1748517439197166243
1748517439330678519
1748517439463746859
1748517439597568373
1748517439731874060
1748517439865733088
1748517439999104566
1748517440133516587
1748517440268731884
1748517440402013959
1748517440535281137
1748517440668698597
1748517440802082633
1748517440969091493
1748517441103968182
1748517441253958572
1748517441454162102
1748517441610315644
1748517441771916299
1748517441906095601
1748517442040429001
1748517442177017038
1748517442312497064
1748517442446290418
1748517442579303864
1748517442713405034
1748517442875799384
1748517443011643244
1748517443147022992
1748517443282679739
1748517443416342795
1748517443549695190
1748517443684135722
1748517443845239393
1748517443980445708
1748517444113406662
1748517444246962297
1748517444380614459
1748517444518624760
1748517444683267748
1748517444867014733
1748517445017766274
1748517445150570070
1748517445302154692
1748517445484999745
1748517445619292051
1748517445753216896
1748517445886821021
1748517446020530188
1748517446153648017
1748517446288051001
1748517446426222220
1748517446560145465
1748517446693888822
1748517446875872511
1748517447073059102
1748517447249693002
1748517447425036890
1748517447559831458
1748517447696957612
1748517447869488664
1748517448028298420
1748517448161892045
1748517448295878595
1748517448430935138
1748517448563317995
1748517448698276973
1748517448863387894
1748517448998854754
1748517449134713828
1748517449299069037
1748517449432484103
1748517449566288141
1748517449699974618
1748517449834795393
1748517449970115961
1748517450151336680
1748517450354909022
1748517450505553604
1748517450669878163
1748517450804441336
1748517450939343814
1748517451076722991
1748517451238203170
1748517451389611519
1748517451577276443
1748517451739408941
1748517451873801049
1748517452007975394
1748517452141570095
1748517452275820923
1748517452410308863
1748517452542427600
1748517452677261171
1748517452809748689
1748517452943529648
1748517453077852295
1748517453213282167
1748517453345997249
1748517453481428294
1748517453613818662
1748517453747364403
1748517453880691123
1748517454015880260
1748517454153167431
1748517454315665969
1748517454450967820
1748517454585294957
1748517454719790920
1748517454853673842
1748517454988864324
1748517455125386146
1748517455302533531
1748517455486559980
1748517455620701877
1748517455765998718
1748517455922314542
1748517456056298560
1748517456191943506
1748517456324048437
1748517456459396112
1748517456598645944
1748517456775848552
1748517456958377665
1748517457092539561
1748517457226624018
1748517457359979306
1748517457495490417
1748517457662260696
1748517457828596586
1748517457963085043
1748517458130801409
1748517458268645018
1748517458464838365
1748517458600053859
1748517458736637640
1748517458904300940
1748517459066846535
1748517459203677863
1748517459367086666
1748517459501069665
1748517459634694451
1748517459770643384
1748517459905423864
1748517460069836469
1748517460204290857
1748517460338720712
1748517460476105322
1748517460639265740
1748517460772565005
1748517460909752737
1748517461043850099
1748517461206759282
1748517461340824574
1748517461475081780
1748517461608832622
1748517461744146937
1748517461878841102
1748517462060237657
1748517462243927752
1748517462378460637
1748517462513510110
1748517462646287501
1748517462783721001
1748517462946439468
1748517463080113859
1748517463214097850
1748517463348280049
1748517463482846227
1748517463617045165
1748517463750674997
1748517463884504379
1748517464018973801
1748517464153392126
1748517464287068984
1748517464420926282
1748517464556964882
1748517464719157061
1748517464854248539
1748517464987546185
1748517465121792063
1748517465260328224
1748517465394330364
1748517465555939881
1748517465689243566
1748517465825477676
1748517465959380210
1748517466095091349
1748517466230875800
1748517466392140445
1748517466526137998
1748517466660210857
1748517466798915692
1748517466967262008
1748517467127762320
1748517467263379185
1748517467397123638
1748517467533550629
1748517467697773441
1748517467832663024
1748517467972200271
1748517468131664215
1748517468267371011
1748517468407157013
1748517468566313793
1748517468704261196
1748517468880400201
1748517469040366715
1748517469202095477
1748517469352538566
1748517469550208997
1748517469704431827
1748517469870433735
1748517470004342782
1748517470138266130
1748517470274243192
1748517470439312285
1748517470576669448
1748517470741812048
1748517470875601813
1748517471010592329
1748517471144595438
1748517471277935847
1748517471411058683
1748517471546287119
1748517471680810129
1748517471846423692
1748517472011937071
1748517472145448941
1748517472278427832
1748517472411852386
1748517472546129175
1748517472679832677
1748517472814882508
1748517472948480247
1748517473081607463
1748517473215204876
1748517473349056469
1748517473502625907
1748517473649363234
1748517473784863748
1748517473917341608
1748517474051237140
1748517474184872370
1748517474325886666
1748517474486567354
1748517474620610220
1748517474754793661
1748517474888637381
1748517475026448443
1748517475188817392
1748517475321938740
1748517475458797014
1748517475592287885
1748517475725186743
1748517475857916223
1748517475991666407
1748517476125599072
1748517476260170316
1748517476394475999
1748517476528379361
1748517476662573526
1748517476798529349
1748517476969666582
1748517477099188679
1748517477233046213
1748517477370555251
1748517477529843945
1748517477664123066
1748517477797372915
1748517477931476895
1748517478065893965
1748517478199021078
1748517478333381174
1748517478466586829
1748517478601099412
1748517478734809892
1748517478868158843
1748517479001357064
1748517479135879756
1748517479269839696
1748517479404257133
1748517479537111426
1748517479673344775
1748517479808496440
1748517479973405125
1748517480106208058
1748517480251379040
1748517480410667433
1748517480575515183
1748517480710035202
1748517480845312506
1748517480979614083
1748517481112979542
1748517481277214958
1748517481412355201
1748517481545384683
1748517481679101765
1748517481812194035
1748517481946837930
1748517482081500364
1748517482215118779
1748517482347874621
1748517482484324543
1748517482619227753
1748517482787641675
1748517482952939892
1748517483087759406
1748517483222253838
1748517483384786797
1748517483517469960
1748517483651630425
1748517483785492321
1748517483919055055
1748517484052874935
1748517484186796485
1748517484336456902
1748517484538124939
1748517484723601077
1748517484857696151
1748517484992424383
1748517485125364085
1748517485258587056
1748517485393421383
1748517485527443324
1748517485662474260
1748517485796252959
1748517485930096143
1748517486064461974
1748517486197499379
1748517486333290611
1748517486468665250
1748517486646136884
1748517486796099849
1748517486930204906
1748517487063851820
1748517487198384634
1748517487333066435
1748517487466162921
1748517487599526047
1748517487732751649
1748517487876873259
1748517488034312562
1748517488172341362
1748517488309677515
1748517488470254471
1748517488603929048
1748517488737516491
1748517488871395527
1748517489004450819
1748517489137890378
1748517489271209261
1748517489404790402
1748517489538909666
1748517489688944183
1748517489890266434
1748517490091308788
1748517490274564060
1748517490408927895
1748517490543541496
1748517490677608010
1748517490811051009
1748517490944844768
1748517491078071263
1748517491212519887
1748517491346537432
1748517491479937369
1748517491613790106
1748517491747497960
1748517491883105360
1748517492015986572
1748517492150045516
1748517492283779677
1748517492418891570
1748517492553339296
1748517492688200100
1748517492820520186
1748517492955801495
1748517493120096817
1748517493252969991
1748517493386075199
1748517493519803678
1748517493653235078
1748517493787285034
1748517493922360165
1748517494092761201
1748517494256354964
1748517494390635848
1748517494523276778
1748517494658181270
1748517494792899779
1748517494927165024
1748517495062865677
1748517495227439313
1748517495363373014
1748517495497501838
1748517495660192857
1748517495794719713
1748517495928316706
1748517496079202351
1748517496262503557
1748517496396033549
1748517496547452035
1748517496733800437
1748517496869440005
1748517497031143205
1748517497165459449
1748517497300315200
1748517497434851151
1748517497568685419
1748517497702561883
1748517497835854509
1748517497969418075
1748517498102674006
1748517498270305958
1748517498402916658
1748517498537712533
1748517498671511946
1748517498805487562
1748517498939406333
1748517499072952309
1748517499207692424
1748517499340596514
1748517499475537162
1748517499609989760
1748517499745049620
1748517499879564975
1748517500042408046
1748517500176689507
1748517500310228286
1748517500443653770
1748517500578301301
1748517500714828963
1748517500848254883
1748517500981717300
1748517501114426094
1748517501247656463
1748517501381195280
1748517501517017621
1748517501651596513
1748517501786876842
1748517501921306599
1748517502053859314
1748517502187690331
1748517502324031139
1748517502485121186
1748517502626546933
1748517502785940274
1748517502919405337
1748517503089808858
1748517503258904612
1748517503422529583
1748517503555534316
1748517503689351343
1748517503823319801
1748517503956673276
1748517504090827066
1748517504226057975
1748517504359108509
1748517504494191025
1748517504633028708
1748517504795444689
1748517504960648985
1748517505094807770
1748517505228582047
1748517505362557501
1748517505496473023
1748517505630741375
1748517505765249148
1748517505900104397
1748517506066709003
1748517506236118047
1748517506399765704
1748517506537100709
1748517506702588719
1748517506838194031
1748517506971012845
1748517507105126484
1748517507238505434
1748517507402827410
1748517507537133790
1748517507671364968
1748517507806006101
1748517507940053472
1748517508074656133
1748517508209853002
1748517508343267826
1748517508477407279
1748517508624822602
1748517508777067326
1748517508940446600
1748517509074400037
1748517509207835939
1748517509341759671
1748517509477299158
1748517509611145240
1748517509744270666
1748517509878590719
1748517510011536303
1748517510144816365
1748517510278429453
1748517510412163289
1748517510545912441
1748517510679935212
1748517510813762781
1748517510947269705
1748517511082591132
1748517511215047367
1748517511358102896
1748517511515740391
1748517511650057149
1748517511784127212
1748517511918849649
1748517512051608172
1748517512185846487
1748517512322287598
1748517512456613491
1748517512591181357
1748517512754275689
1748517512905147495
1748517513088709974
1748517513222331546
1748517513356431290
1748517513492487150
1748517513628705028
1748517513763560394
1748517513924055207
1748517514058440076
1748517514192208938
1748517514326047782
1748517514459111768
1748517514593714215
1748517514727125348
1748517514860351273
1748517514994450412
1748517515128758242
1748517515263245440
1748517515397358972
1748517515530531964
1748517515665672121
1748517515802046027
1748517515977655399
1748517516139565127
1748517516319111362
1748517516503062067
1748517516637729793
1748517516776044145
1748517516935690411
1748517517069511202
1748517517203916037
1748517517337051649
1748517517471084381
1748517517603515236
1748517517737334202
1748517517871735434
1748517518005998782
1748517518140310103
1748517518275152666
1748517518422130422
1748517518608145589
1748517518745171512
1748517518898104609
1748517519078062807
1748517519248315693
1748517519426909440
1748517519628329493
1748517519811674039
1748517519962519531
1748517520163082825
1748517520346916006
1748517520481794010
1748517520615715118
1748517520750425709
1748517520884114423
1748517521021432970
1748517521187570598
1748517521369458981
1748517521522271615
1748517521689107291
1748517521820904703
1748517521953320692
1748517522087030379
1748517522221792963
1748517522356419999
1748517522490395616
1748517522622306775
1748517522755355564
1748517522890009730
1748517523023346630
1748517523160415862
1748517523294927907
1748517523428319748
1748517523560347135
1748517523695851196
1748517523831906454
1748517524009454724
1748517524184181599
1748517524360855726
1748517524511041219
1748517524666309154
1748517524834482468
1748517525008545360
1748517525169317901
1748517525315852045
1748517525464538950
1748517525598537277
1748517525731519306
1748517525866954494
1748517525999575858
1748517526133216102
1748517526267659014
1748517526400894096
1748517526534703018
1748517526668595964
1748517526801985575
1748517526935980412
1748517527070518446
1748517527203405100
1748517527337500750
1748517527474175292
1748517527606525157
1748517527738815503
1748517527874658549
1748517528007164114
1748517528140493901
1748517528276913774
1748517528409743294
1748517528543905925
1748517528677065224
1748517528810811142
1748517528950438486
1748517529111359528
1748517529245056868
1748517529379716682
1748517529513231621
1748517529647386704
1748517529781242287
1748517529918795897
1748517530052552974
1748517530214861819
1748517530348038512
1748517530486321268
1748517530621720986
1748517530783082595
1748517530917299930
1748517531050887190
1748517531186545904
1748517531319985504
1748517531452616006
1748517531586390977
1748517531721457137
1748517531853846902
1748517531987555811
1748517532121144659
1748517532254661095
1748517532389047866
1748517532523058258
1748517532656518229
1748517532790431655
1748517532925021626
1748517533057591656
1748517533193114617
1748517533325507731
1748517533463737863
1748517533629122817
1748517533768953592
1748517533931500194
1748517534112336821
1748517534295354255
1748517534429993206
1748517534562491147
1748517534696899957
1748517534831617511
1748517534965215974
1748517535109554368
1748517535266730764
1748517535401551488
1748517535534677159
1748517535667556525
1748517535800799777
1748517535934618470
1748517536068982050
1748517536202551277
1748517536336001305
1748517536469884384
1748517536603536499
1748517536742794908
1748517536905096853
1748517537038058979
1748517537171632054
1748517537305373159
1748517537439838124
1748517537573413892
1748517537711273551
1748517537846394321
1748517538010517509
1748517538145046337
1748517538279156929
1748517538415386335
1748517538548042807
1748517538680180806
1748517538813116178
1748517538945007989
1748517539079108710
1748517539212680670
1748517539346411146
1748517539481211437
1748517539614747869
1748517539748726579
1748517539881806749
1748517540015611677
1748517540149483395
1748517540284523981
1748517540420534386
1748517540593541374
1748517540755046870
1748517540890749525
1748517541053970013
1748517541190108264
1748517541362466735
1748517541520683796
1748517541655112843
1748517541789280285
1748517541922903498
1748517542057903345
1748517542200706741
1748517542358994502
1748517542499073374
1748517542657719610
1748517542791745906
1748517542925511606
1748517543059571950
1748517543209004400
1748517543359547295
1748517543514995740
1748517543661513169
1748517543794867252
1748517543928924849
1748517544062206387
1748517544195782033
1748517544331380417
1748517544463787524
1748517544597852055
1748517544731631758
1748517544865306839
1748517544998725467
1748517545133560056
1748517545266191180
1748517545399875129
1748517545534550633
1748517545667465069
1748517545802427828
1748517545935761094
1748517546069255680
1748517546202853082
1748517546354194663
1748517546553622775
1748517546724413878
1748517546905141597
1748517547039428958
1748517547172586317
1748517547311458053
1748517547455878331
1748517547610356387
1748517547748079176
1748517547880056369
1748517548017083827
1748517548177600583
1748517548311377921
1748517548444720858
1748517548577665272
1748517548729225587
1748517548912459290
1748517549063240531
1748517549251131130
1748517549387295923
1748517549548275273
1748517549682833162
1748517549815497273
1748517549949798713
1748517550084103655
1748517550218444293
1748517550350876516
1748517550485022465
1748517550618560833
1748517550752974680
1748517550886909558
1748517551020731202
1748517551156287217
1748517551290591439
1748517551424432648
1748517551557531616
1748517551689666197
1748517551822796323
1748517551957271416
1748517552128678397
1748517552258508603
1748517552391456248
1748517552542056433
1748517552729831446
1748517552862383421
1748517552995487407
1748517553129955431
1748517553261941873
1748517553411005736
1748517553596634583
1748517553730069273
1748517553864678887
1748517553998216886
1748517554130895105
1748517554264847813
1748517554416117641
1748517554599373772
1748517554734640164
1748517554873873350
1748517555068024424
1748517555201100308
1748517555337676442
1748517555471890871
1748517555609612863
1748517555769587917
1748517555903495752
1748517556036830810
1748517556169892975
1748517556303555892
1748517556438199958
1748517556571112973
1748517556705493312
1748517556839650379
1748517556990716115
1748517557180777529
1748517557340431685
1748517557474941892
1748517557608104798
1748517557742122054
1748517557877066253
1748517558010963863
1748517558143305803
1748517558278969482
1748517558411086343
1748517558545794601
1748517558678440288
1748517558812074914
1748517558945710338
1748517559079574132
1748517559213959353
1748517559348438722
1748517559481386381
1748517559615985750
1748517559751872003
1748517559884500659
1748517560017556165
1748517560151900835
1748517560287115419
1748517560420684699
1748517560554152021
1748517560688928329
1748517560825463380
1748517560991444339
1748517561129128597
1748517561302287810
1748517561460716852
1748517561595334462
1748517561730248493
1748517561892781778
1748517562029257606
1748517562164313933
1748517562299240688
1748517562460101552
1748517562598118858
1748517562732723887
1748517562868602492
1748517563029210157
1748517563162576996
1748517563296719235
1748517563429877584
1748517563564003061
1748517563698480695
1748517563832505005
1748517564000739452
1748517564135259148
1748517564269485785
1748517564401712343
1748517564536808503
1748517564667905122
1748517564801293525
1748517564935010425
1748517565069939781
1748517565203567658
1748517565337828084
1748517565471778533
1748517565604242787
1748517565739388553
1748517565890864761
1748517566089848584
1748517566240072684
1748517566374478326
1748517566507210070
1748517566642945939
1748517566775553172
1748517566908674546
1748517567060015935
1748517567246398760
1748517567383534651
1748517567547248369
1748517567680380325
1748517567812518577
1748517567947149038
1748517568081289095
1748517568213300432
1748517568346761419
1748517568481703981
1748517568617823396
1748517568783010371
1748517568916603703
1748517569051782433
1748517569186396731
1748517569320590715
1748517569452867109
1748517569585480429
1748517569720426709
1748517569853539466
1748517569987389226
1748517570121959345
1748517570255243367
1748517570388865025
1748517570522356401
1748517570656014225
1748517570793355929
1748517570940135467
1748517571092853321
1748517571226143813
1748517571358327202
1748517571498326610
1748517571659329868
1748517571792862342
1748517571929878053
1748517572066030856
1748517572201722734
1748517572362104150
1748517572496368202
1748517572630367225
1748517572763590957
1748517572897330360
1748517573031465487
1748517573174328612
1748517573332022162
1748517573465527016
1748517573599562039
1748517573733837178
1748517573866844932
1748517574001251654
1748517574135110566
1748517574268865412
1748517574401711747
1748517574536986864
1748517574671147079
1748517574803504856
1748517574937466639
1748517575071061830
1748517575205536088
1748517575338835269
1748517575471965529
1748517575606583095
1748517575739557194
1748517575874104751
1748517576009032867
1748517576142220035
1748517576275909560
1748517576414201748
1748517576548912844
1748517576717107950
1748517576878002527
1748517577014888154
1748517577152274239
1748517577312060921
1748517577447649809
1748517577579596814
1748517577714654563
1748517577850105862
1748517577990468716
1748517578148389450
1748517578284492867
1748517578419414484
1748517578555760705
1748517578720760445
1748517578873778737
1748517579066932179
1748517579239999030
1748517579436164230
1748517579604801738
1748517579790850908
1748517579924862470
1748517580057485913
1748517580190144279
1748517580323408508
1748517580458334661
1748517580590739565
1748517580723873296
1748517580857995821
1748517580993140043
1748517581126859999
1748517581263792649
1748517581398712569
1748517581531103809
1748517581663732579
1748517581798295845
1748517581932649788
1748517582068562206
1748517582202207688
1748517582363099753
1748517582506312707
1748517582664759256
1748517582800115025
1748517582933958038
1748517583066847421
1748517583202026307
1748517583369522758
1748517583502382870
1748517583649019524
1748517583808223277
1748517583969441016
1748517584104867171
1748517584240919354
1748517584375037050
1748517584508826383
1748517584671926766
1748517584806234403
1748517584939543165
1748517585073659755
1748517585209207049
1748517585344050843
1748517585508281439
1748517585645127950
1748517585814127773
1748517585946677382
1748517586081425619
1748517586245562612
1748517586429338818
1748517586631697385
1748517586862637761
1748517587063649202
1748517587219069008
1748517587353674734
1748517587515692228
1748517587650832847
1748517587803280382
1748517587985164318
1748517588119039618
1748517588251790712
1748517588386920612
1748517588522411193
1748517588658003535
1748517588819542800
1748517588953118619
1748517589087289095
1748517589223874680
1748517589392379301
1748517589528051862
1748517589690308095
1748517589823933143
1748517589960109565
1748517590095094964
1748517590264104454
1748517590427714993
1748517590564465237
1748517590727032772
1748517590861457984
1748517590997204410
1748517591136584097
1748517591295039114
1748517591462455073
1748517591596556232
1748517591731088500
1748517591865343203
1748517592011133097
1748517592166676225
1748517592301543655
1748517592438106194
1748517592573198901
1748517592735188042
1748517592871263314
1748517593008099737
1748517593205514712
1748517593371318207
1748517593506606484
1748517593672403261
1748517593809122361
1748517593971436161
1748517594105056727
1748517594242707091
1748517594379839795
1748517594540040537
1748517594673397102
1748517594807240653
1748517594941135042
1748517595076246476
1748517595208870348
1748517595341569576
1748517595475860327
1748517595613126405
1748517595747661910
1748517595883290739
1748517596025979583
1748517596177224372
1748517596312000071
1748517596448331270
1748517596581996434
1748517596715397588
1748517596868945197
1748517597014485068
1748517597149391947
1748517597284922739
1748517597418955528
1748517597553932892
1748517597690728664
1748517597851210792
1748517597986692327
1748517598122576071
1748517598287506575
1748517598422291350
1748517598557224872
1748517598694180209
1748517598855305344
1748517598990515127
1748517599156177982
1748517599325241367
1748517599460445686
1748517599627846933
1748517599794095853
1748517599928086885
1748517600063021391
1748517600198793594
1748517600338619816
1748517600495244648
1748517600630266248
1748517600769474293
1748517600930089736
1748517601066199513
1748517601203278560
1748517601365084959
1748517601500854565
1748517601636663731
1748517601802619493
1748517601967853611
1748517602135373895
1748517602301242971
1748517602454529491
1748517602643211960
1748517602819904786
1748517603003420496
1748517603171011520
1748517603305400496
1748517603459442495
1748517603656705445
1748517603857362748
1748517604041125668
1748517604175898843
1748517604311029543
1748517604446303156
1748517604584788359
1748517604722163967
1748517604848525127
1748517604984568305
1748517605118253908
1748517605250125266
1748517605387988108
1748517605545553401
1748517605681677406
1748517605815776199
1748517605951967982
1748517606088349726
1748517606251227332
1748517606389783175
1748517606550642858
1748517606685699874
1748517606819468546
1748517606959961633
1748517607117653564
1748517607269302234
1748517607453362025
1748517607588594404
1748517607753649324
1748517607907573244
1748517608105883250
1748517608288903439
1748517608423655779
1748517608558918516
1748517608694639221
1748517608857617564
1748517608992926629
1748517609127338277
1748517609281509869
1748517609459317023
1748517609602867701
1748517609760680134
1748517609895760997
1748517610030669620
1748517610213441050
1748517610397026787
1748517610531412366
1748517610665131476
1748517610800205064
1748517610934585214
1748517611068755487
1748517611203663987
1748517611339080266
1748517611499743427
1748517611634032262
1748517611767525939
1748517611901902201
1748517612036170507
1748517612170424583
1748517612304600479
1748517612440039095
1748517612603911925
1748517612738919816
1748517612873674174
1748517613009899902
1748517613145825452
1748517613306628622
1748517613440945301
1748517613574992553
1748517613708919804
1748517613844041016
1748517613980776903
1748517614119468020
1748517614277461090
1748517614420711422
1748517614577942285
1748517614713635343
1748517614849758076
1748517614987327373
1748517615146635748
1748517615283295841
1748517615420918080
1748517615581233360
1748517615716302100
1748517615852166077
1748517616032572885
1748517616234449376
1748517616418366483
1748517616553657744
1748517616689472123
1748517616852952331
1748517616988196603
1748517617153635698
1748517617288818089
1748517617424289574
1748517617561804972
1748517617695662560
1748517617855800843
1748517617991188750
1748517618128450800
1748517618290930059
1748517618426179299
1748517618562995806
1748517618725604493
1748517618860935216
1748517618996516259
1748517619135454244
1748517619295907787
1748517619432755919
1748517619595669798
1748517619734427447
1748517619895886729
1748517620034591483
1748517620198985454
1748517620364558481
1748517620499074090
1748517620653601733
1748517620851179337
1748517621034851199
1748517621171372632
1748517621335049316
1748517621470249714
1748517621635965508
1748517621771156665
1748517621906815830
1748517622071476452
1748517622206306182
1748517622341722118
1748517622481535917
1748517622639240703
1748517622774443103
1748517622910020806
1748517623047431586
1748517623208272331
1748517623346909877
1748517623481872289
1748517623614526981
1748517623776797360
1748517623911095010
1748517624046217850
1748517624181047551
1748517624316630823
1748517624481841521
1748517624646823808
1748517624782606511
1748517624919759828
1748517625082419237
1748517625248598218
1748517625385316501
1748517625523756156
1748517625655466508
1748517625817889069
1748517625953670984
1748517626090854738
1748517626251191289
1748517626386429222
1748517626520163035
1748517626655356831
1748517626793968712
1748517626954563973
1748517627090212647
1748517627225757234
1748517627363253281
1748517627528688782
1748517627690084493
1748517627824355951
1748517627964135700
1748517628143936103
1748517628328515715
1748517628467858193
1748517628644291246
1748517628845035050
1748517629028339539
1748517629163598795
1748517629316101875
1748517629496796873
1748517629633238593
1748517629818206293
1748517629966848194
1748517630102876501
1748517630240860060
1748517630400268284
1748517630536785829
1748517630675331368
1748517630833204308
1748517630967149219
1748517631101199246
1748517631235096456
1748517631368555576
1748517631501602673
1748517631635733365
1748517631768467769
1748517631901768189
1748517632035296310
1748517632168813664
1748517632302798314
1748517632436155882
1748517632568871141
1748517632702734971
1748517632836183518
1748517632971022534
1748517633103925501
1748517633239138132
1748517633371539887
1748517633505271272
1748517633655790692
1748517633824283682
1748517633990363920
1748517634141479860
1748517634273836953
1748517634408419919
1748517634541633258
1748517634675556016
1748517634843827374
1748517634977358241
1748517635111555355
1748517635246226853
1748517635379307705
1748517635513426974
1748517635646977983
1748517635781188566
1748517635914378751
1748517636048582499
1748517636182736788
1748517636316003802
1748517636450300599
1748517636583210395
1748517636717526661
1748517636851282115
1748517636985454021
1748517637119364079
1748517637253801241
1748517637386900015
1748517637520719846
1748517637654927309
1748517637787884489
1748517637921945329
1748517638055558234
1748517638189956579
1748517638323687087
1748517638457333154
1748517638592697274
1748517638743674387
1748517638925045900
1748517639060042780
1748517639193227296
1748517639327526830
1748517639460231048
1748517639594983704
1748517639729466100
1748517639861844017
1748517639995852126
1748517640146681835
1748517640296538829
1748517640431504813
1748517640566727695
1748517640701704450
1748517640834138650
1748517640966823097
1748517641100700114
1748517641233622514
1748517641370827173
1748517641502013320
1748517641635114335
1748517641769045017
1748517641902559452
1748517642035926797
1748517642170151320
1748517642304613782
1748517642442977258
1748517642576813827
1748517642710421819
1748517642846573935
1748517642983327711
1748517643144160346
1748517643280271334
1748517643445210606
1748517643579550143
1748517643714655430
1748517643849898452
1748517644014585251
1748517644150436429
1748517644287031243
1748517644448603700
1748517644582931696
1748517644716531559
1748517644851193342
1748517644985977632
1748517645120752971
1748517645298444889
1748517645458522982
1748517645621185251
1748517645756330107
1748517645937798708
1748517646138704971
1748517646330251492
1748517646502895013
1748517646657418102
1748517646798252701
1748517646960006290
1748517647126059269
1748517647265725702
1748517647442543219
1748517647595340316
1748517647734515101
1748517647895099158
1748517648040036359
1748517648211857014
1748517648397155299
1748517648532150553
1748517648680107493
1748517648880214645
1748517649039869374
1748517649198490317
1748517649333448939
1748517649467515490
1748517649604313040
1748517649740163559
1748517649900793184
1748517650035606119
1748517650169809661
1748517650304185463
1748517650439734803
1748517650576473386
1748517650737343857
1748517650873532498
1748517651009639571
1748517651172388557
1748517651323073895
1748517651523338307
1748517651682906130
1748517651812635911
1748517651948717795
1748517652082229459
1748517652242855812
1748517652379752663
1748517652532193018
1748517652681967959
1748517652818123214
1748517652979970281
1748517653113645770
1748517653248657439
1748517653384822908
1748517653521937106
1748517653681334215
1748517653814934253
1748517653948674582
1748517654083356690
1748517654217599262
1748517654352111147
1748517654486747057
1748517654623280522
1748517654786601457
1748517654922348740
1748517655059865915
1748517655219475824
1748517655374669814
1748517655554867680
1748517655690141450
1748517655857607141
1748517655992097958
1748517656157784200
1748517656293584955
1748517656431765797
1748517656591517619
1748517656726523094
1748517656860686136
1748517657026686942
1748517657161832032
1748517657297665873
1748517657431547640
1748517657569109989
1748517657735610525
1748517657897821943
1748517658033066625
1748517658182795851
1748517658382364534
1748517658564020516
1748517658701168345
1748517658865872233
1748517659001016539
1748517659145469985
1748517659304208336
1748517659439724560
1748517659603285250
1748517659740490602
1748517659905248173
1748517660040165589
1748517660175376428
1748517660314020157
1748517660472122053
1748517660610588021
1748517660773619568
1748517660909361523
1748517661046206528
1748517661207815981
1748517661342483904
1748517661476438601
1748517661614517762
1748517661778747325
1748517661945480330
1748517662084122799
1748517662245969353
1748517662383423146
1748517662547162502
1748517662686537868
1748517662847713027
1748517663019788817
1748517663185772384
1748517663384742262
1748517663521949176
1748517663684115482
1748517663839476855
1748517664017266827
1748517664153583099
1748517664312170643
1748517664503425824
1748517664687435470
1748517664823935160
1748517664961884279
1748517665122778075
1748517665268705315
1748517665422976379
1748517665558391020
1748517665693181639
1748517665831164755
1748517665991559366
1748517666127030953
1748517666262741539
1748517666397940106
1748517666534343422
1748517666693924891
1748517666829250308
1748517666964177447
1748517667099507109
1748517667262960165
1748517667397549452
1748517667531674004
1748517667667110096
1748517667831108407
1748517667965888411
1748517668101871733
1748517668266871327
1748517668402257389
1748517668537412546
1748517668676716346
1748517668835821011
1748517668975243126
1748517669135894104
1748517669270712229
1748517669421572344
1748517669619786465
1748517669821868140
1748517670006621694
1748517670141622493
1748517670280193869
1748517670439161908
1748517670575440698
1748517670751187401
1748517670907498582
1748517671042333050
1748517671177293409
1748517671312596638
1748517671451388849
1748517671610527492
1748517671745684388
1748517671879641077
1748517672014228776
1748517672179379803
1748517672314182234
1748517672448485320
1748517672583983433
1748517672719961944
1748517672855162825
1748517673016187037
1748517673151371801
1748517673287200064
1748517673423645100
1748517673584015814
1748517673719973684
1748517673856954360
1748517673995376521
1748517674129757230
1748517674262199576
1748517674393859293
1748517674563368348
1748517674724346476
1748517674863971389
1748517675025538417
1748517675165046308
1748517675325841563
1748517675467861976
1748517675628886626
1748517675765224266
1748517675926745384
1748517676061497867
1748517676203850558
1748517676360998987
1748517676495851979
1748517676632741747
1748517676795271675
1748517676930474296
1748517677066308296
1748517677201754947
1748517677339791371
1748517677499020327
1748517677634628531
1748517677776000061
1748517677933894889
1748517678069962878
1748517678209480874
1748517678370060809
1748517678534377691
1748517678670214107
1748517678807775577
1748517678944949798
1748517679105919763
1748517679242297077
1748517679405958700
1748517679542191647
1748517679678566658
1748517679859259787
1748517680009560613
1748517680145790212
1748517680308730770
1748517680446422945
1748517680610101468
1748517680745639301
1748517680882699923
1748517681021049650
1748517681155261583
1748517681302961003
1748517681447980247
1748517681587826290
1748517681748439381
1748517681889909071
1748517682049650014
1748517682191108971
1748517682352005436
1748517682490831526
1748517682650179494
1748517682785266374
1748517682921045573
1748517683056997284
1748517683194747550
1748517683352642310
1748517683488413360
1748517683625269149
1748517683787639991
1748517683922641505
1748517684058397346
1748517684224826441
1748517684392805506
1748517684531176761
1748517684690691253
1748517684829280560
1748517684968452511
1748517685143154863
1748517685327019105
1748517685493720116
1748517685630433693
1748517685795303935
1748517685962026585
1748517686098593760
1748517686263274196
1748517686408302209
1748517686564633520
1748517686700864015
1748517686865640130
1748517687003085473
1748517687139687237
1748517687302476766
1748517687466992849
1748517687603166474
1748517687738572757
1748517687875994892
1748517688035538343
1748517688173257187
1748517688357386938
1748517688539878957
1748517688705196750
1748517688840815823
1748517689008421217
1748517689173599250
1748517689311444885
1748517689474883688
1748517689611251354
1748517689775320332
1748517689914646879
1748517690075950764
1748517690211405306
1748517690347603479
1748517690510712729
1748517690647003179
1748517690785540559
1748517690946252639
1748517691084079052
1748517691221770952
1748517691380927929
1748517691516219884
1748517691652572715
1748517691815355288
1748517691951381546
1748517692088524696
1748517692250311914
1748517692386571656
1748517692522151241
1748517692659648718
1748517692819109046
1748517692954454817
1748517693091779874
1748517693257553515
1748517693422751256
1748517693560477034
1748517693722534768
1748517693858470279
1748517693995599676
1748517694157043305
1748517694298047796
1748517694458299813
1748517694595715867
1748517694743905900
1748517694894669682
1748517695031829865
1748517695214055434
1748517695412454989
1748517695600161466
1748517695763595277
1748517695902415411
1748517696082353861
1748517696265626751
1748517696420604549
1748517696599771135
1748517696737449280
1748517696917868138
1748517697102245701
1748517697240954038
1748517697403445307
1748517697542091469
1748517697704610974
1748517697842875050
1748517698005773378
1748517698159106786
1748517698355811206
1748517698539480225
1748517698675953168
1748517698846834340
1748517699016343341
1748517699175672290
1748517699312045703
1748517699449657411
1748517699610128083
1748517699745858985
1748517699917264367
1748517700081759552
1748517700265708976
1748517700480540662
1748517700630220924
1748517700782290809
1748517700948167520
1748517701086260134
1748517701248718134
1748517701386407044
1748517701549949943
1748517701687145777
1748517701854319488
1748517701994859160
1748517702154413260
1748517702295116434
1748517702454255235
1748517702592077372
1748517702754951083
1748517702893541785
1748517703030572924
1748517703190025019
1748517703326305375
1748517703491592273
1748517703628621908
1748517703766391028
1748517703931344217
1748517704094099082
1748517704254623211
1748517704429568146
1748517704594829467
1748517704732519726
1748517704895619413
1748517705035333551
1748517705197169064
1748517705334458181
1748517705532911543
1748517705671713102
1748517705832560263
1748517705970337859
1748517706133186004
1748517706269676712
1748517706450738003
1748517706652110955
1748517706835655966
1748517706975257813
1748517707155068050
1748517707338121624
1748517707476855777
1748517707615341725
1748517707773187167
1748517707939872572
1748517708106093541
1748517708243783381
1748517708380402882
1748517708544111736
1748517708682758722
1748517708842027823
1748517708998543781
1748517709176517063
1748517709315321537
1748517709513270372
1748517709681771927
1748517709850868089
1748517710013453640
1748517710150903636
1748517710313947149
1748517710451845497
1748517710615213619
1748517710750888616
1748517710917483452
1748517711083043628
1748517711218432698
1748517711354081924
1748517711490545406
1748517711651844537
1748517711789721197
1748517711952104772
1748517712087906282
1748517712225953588
1748517712388434248
1748517712525100208
1748517712703827587
1748517712870535987
1748517713022681274
1748517713160606603
1748517713296034464
1748517713457810307
1748517713595463112
1748517713759540049
1748517713895580212
1748517714060152207
1748517714199029535
1748517714360468351
1748517714496982691
1748517714632071061
1748517714798966076
1748517714966141800
1748517715104045525
1748517715252096302
1748517715449642438
1748517715649658591
1748517715833288403
1748517715968834986
1748517716134523131
1748517716271466519
1748517716408461376
1748517716567525014
1748517716702488338
1748517716837182703
1748517716972217554
1748517717108223635
1748517717271383310
1748517717406348668
1748517717541051751
1748517717676074810
1748517717814105254
1748517717973180526
1748517718110862433
1748517718274229164
1748517718410282379
1748517718546593003
1748517718683031823
1748517718843943865
1748517718981650458
1748517719144394357
1748517719280993076
1748517719418177234
1748517719581754406
1748517719747508716
1748517719888213308
1748517720047603231
1748517720184193363
1748517720348816215
1748517720488156468
1748517720651895381
1748517720817316156
1748517720958044346
1748517721090304013
1748517721252500441
1748517721391375000
1748517721553333595
1748517721691715115
1748517721855301291
1748517722029750265
1748517722192093970
1748517722359882774
1748517722524017072
1748517722663968074
1748517722824032804
1748517722961628446
1748517723127520371
1748517723313454740
1748517723502523540
1748517723662413350
1748517723812308079
1748517723960995614
1748517724097001624
1748517724262447126
1748517724401213185
1748517724563471074
1748517724732409913
1748517724869767152
1748517725031749515
1748517725168467431
1748517725311960263
1748517725466030691
1748517725603503383
1748517725742165134
1748517725902148508
1748517726051381276
1748517726253359649
1748517726438605043
1748517726577820746
1748517726738419603
1748517726905137071
1748517727043628915
1748517727206114806
1748517727343417924
1748517727507672213
1748517727645022799
1748517727810080192
1748517727976651719
1748517728115389300
1748517728277260988
1748517728417042917
1748517728577510745
1748517728714224707
1748517728851312718
1748517729012711413
1748517729197435697
1748517729347640829
1748517729487794363
1748517729648196235
1748517729786329147
1748517729950003867
1748517730088277311
1748517730250774392
1748517730388634563
1748517730552540834
1748517730690833431
1748517730854934877
1748517730994826400
1748517731153733936
1748517731291841101
1748517731457073331
1748517731637828149
1748517731789257093
1748517731927339570
1748517732093591737
1748517732234768418
1748517732391948802
1748517732532323652
1748517732692692789
1748517732831631666
1748517732994725097
1748517733136428926
1748517733312953260
1748517733513011275
1748517733696626838
1748517733855115898
1748517734047915742
1748517734247853982
1748517734447340667
1748517734631949727
1748517734768005362
1748517734932872329
1748517735069079535
1748517735207926070
1748517735367677030
1748517735504633073
1748517735669647917
1748517735808152123
1748517735970163718
1748517736107041312
1748517736244488614
1748517736407013172
1748517736547663301
1748517736706636285
1748517736848092313
1748517737010518162
1748517737175965324
1748517737313314250
1748517737475532128
1748517737611846489
1748517737748653873
1748517737911283045
1748517738065886797
1748517738261738328
1748517738450233191
1748517738613374650
1748517738753363947
1748517738914616982
1748517739051418762
1748517739189297618
1748517739385868603
1748517739519893023
1748517739684244987
1748517739822576592
1748517740019384580
1748517740156938131
1748517740320293574
1748517740461408780
1748517740621925015
1748517740788500018
1748517740974251787
1748517741125843835
1748517741290265964
1748517741457519490
1748517741625128979
1748517741793869147
1748517741960433061
1748517742127189333
1748517742312165567
1748517742463274338
1748517742643112353
1748517742801021218
1748517742962952195
1748517743102198607
1748517743263067123
1748517743401892403
1748517743565374754
1748517743710551770
1748517743868955394
1748517744032764425
1748517744173142592
1748517744336221316
1748517744502413938
1748517744669288111
1748517744811903624
1748517744971781435
1748517745136950931
1748517745306709458
1748517745471287213
1748517745639682864
1748517745819318252
1748517745974694203
1748517746142191982
1748517746283855550
1748517746443929215
1748517746608649709
1748517746776891882
1748517746942592175
1748517747079488145
1748517747243758024
1748517747379848363
1748517747518694207
1748517747681424729
1748517747864562997
1748517748058513226
1748517748249263402
1748517748388854194
1748517748548467242
1748517748705146467
1748517748889404950
1748517749066737395
1748517749227843534
1748517749388679634
1748517749551103240
1748517749689380756
1748517749851876441
1748517749988628079
1748517750125884211
1748517750286907642
1748517750422501691
1748517750557840875
1748517750694276691
1748517750855963939
1748517750993428307
1748517751159281519
1748517751297707383
1748517751457108334
1748517751593046975
1748517751729199267
1748517751864915159
1748517752023415101
1748517752157194067
1748517752290065769
1748517752424438866
1748517752557999914
1748517752694053830
1748517752827892113
1748517752963274579
1748517753095928635
1748517753228271849
1748517753361371037
1748517753495578679
1748517753629276724
1748517753762265033
1748517753899015186
1748517754034095637
1748517754170287147
1748517754303819113
1748517754437256704
1748517754571192292
1748517754734242212
1748517754899741593
1748517755032618871
1748517755166900937
1748517755301067106
1748517755434653745
1748517755569403556
1748517755701764054
1748517755838588426
1748517755972262518
1748517756105423812
1748517756238897074
1748517756372531583
1748517756508164723
1748517756693077483
1748517756873832431
1748517757008290991
1748517757143017114
1748517757276305180
1748517757410710931
1748517757544677615
1748517757678730066
1748517757811943332
1748517757945285695
1748517758078952304
1748517758213336592
1748517758346648685
1748517758479911328
1748517758613814584
1748517758764442202
1748517758949400099
1748517759085866258
1748517759238092280
1748517759434209492
1748517759633170749
1748517759834641954
1748517760017618486
1748517760152092098
1748517760285939779
1748517760419290780
1748517760570770725
1748517760757009813
1748517760889916864
1748517761021551609
1748517761166434074
1748517761322407343
1748517761457064539
1748517761589880218
1748517761724474227
1748517761859906267
1748517762000594737
1748517762162082214
1748517762295281872
1748517762429300470
1748517762562417497
1748517762695602745
1748517762828110233
1748517762964808378
1748517763096962015
1748517763229778036
1748517763363400303
1748517763497064355
1748517763630736008
1748517763764415971
1748517763897447928
1748517764043927070
1748517764199984162
1748517764336462634
1748517764472535119
1748517764604310691
1748517764736600448
1748517764868291175
1748517765001949227
1748517765136628155
1748517765269619781
1748517765403060204
1748517765537095367
1748517765671273703
1748517765804555187
1748517765938450723
1748517766075189861
1748517766242261073
1748517766410189309
1748517766546756245
1748517766678076541
1748517766809109897
1748517766942102613
1748517767075252594
1748517767208755795
1748517767343383034
1748517767476429527
1748517767611412117
1748517767744780055
1748517767880134002
1748517768012707871
1748517768147484850
1748517768283716760
1748517768420027381
1748517768580884617
1748517768714726512
1748517768847993399
1748517768982365099
1748517769151206291
1748517769286499705
1748517769418199242
1748517769552116796
1748517769685407964
1748517769818402044
1748517769952349984
1748517770086365334
1748517770220118009
1748517770354143215
1748517770487878532
1748517770621043052
1748517770755317007
1748517770889184142
1748517771023246974
1748517771157543455
1748517771291325919
1748517771424882612
1748517771591962715
1748517771760319617
1748517771894078851
1748517772027384538
1748517772160770387
1748517772294018852
1748517772428943741
1748517772564050036
1748517772696212764
1748517772831824289
1748517772965489991
1748517773098804067
1748517773230677421
1748517773367384509
1748517773500341596
1748517773635323085
1748517773768105229
1748517773901450789
1748517774034515125
1748517774167777161
1748517774301323678
1748517774435002374
1748517774568656762
1748517774702428951
1748517774835919657
1748517774972802814
1748517775105433772
1748517775239139381
1748517775372584073
1748517775505600005
1748517775639145726
1748517775772600114
1748517775906271108
1748517776040364550
1748517776173695585
1748517776309488732
1748517776443501106
1748517776576868798
1748517776710506680
1748517776844802044
1748517776990056287
1748517777144428594
1748517777279115307
1748517777413215811
1748517777547081958
1748517777680862328
1748517777816330513
1748517777949392983
1748517778086709828
1748517778220968493
1748517778354964567
1748517778487562964
1748517778620556150
1748517778756294022
1748517778917767815
1748517779052408141
1748517779185399138
1748517779335222840
1748517779518080852
1748517779652259330
1748517779787781078
1748517779923692679
1748517780056763175
1748517780190368195
1748517780323090501
1748517780455973484
1748517780590758439
1748517780723808351
1748517780858125693
1748517780992147863
1748517781124839312
1748517781259559600
1748517781392468645
1748517781526615201
1748517781660126108
1748517781795443209
1748517781931247606
1748517782067946782
1748517782251709688
1748517782429968587
1748517782562925544
1748517782696740605
1748517782830537996
1748517782963630479
1748517783098311406
1748517783231632327
1748517783365803793
1748517783498772113
1748517783634228437
1748517783770492742
1748517783902105686
1748517784034726039
1748517784167507586
1748517784301655676
1748517784435044835
1748517784568448604
1748517784718820390
1748517784873795402
1748517785006907185
1748517785137949879
1748517785270958163
1748517785407232609
1748517785540189243
1748517785672553723
1748517785805711452
1748517785941304190
1748517786110608495
1748517786243335419
1748517786376486818
1748517786509481140
1748517786642955001
1748517786776729863
1748517786910651415
1748517787044033420
1748517787179349552
1748517787314373590
1748517787462882647
1748517787616973459
1748517787766252273
1748517787947694203
1748517788081469156
1748517788216647690
1748517788349801506
1748517788482432260
1748517788616539985
1748517788750574404
1748517788893429043
1748517789054857379
1748517789185875608
1748517789320260407
1748517789453100439
1748517789588143572
1748517789720167182
1748517789887900976
1748517790021657271
1748517790155712938
1748517790305443007
1748517790491607293
1748517790626427545
1748517790759298043
1748517790894242911
1748517791027646700
1748517791178509161
1748517791379093668
1748517791562029014
1748517791694789538
1748517791828640796
1748517791969198512
1748517792101368045
1748517792234020684
1748517792365258784
1748517792500414630
1748517792636981680
1748517792810808398
1748517792965631506
1748517793099491779
1748517793232874464
1748517793367084845
1748517793501653221
1748517793633035651
1748517793767937404
1748517793902056434
1748517794068745911
1748517794201565910
1748517794335995188
1748517794469210068
1748517794603063541
1748517794737667491
1748517794871463101
1748517795003887014
1748517795138956619
1748517795271886955
1748517795405867006
1748517795540602451
1748517795673687008
1748517795806572183
1748517795940596793
1748517796075369163
1748517796208916497
1748517796342860850
1748517796476655149
1748517796609639879
1748517796746878179
1748517796880859994
1748517797016641441
1748517797150259807
1748517797283992558
1748517797417374614
1748517797549792102
1748517797685804919
1748517797817647821
1748517797952670081
1748517798086440565
1748517798219135292
1748517798352554918
1748517798487961272
1748517798621226197
1748517798754700335
1748517798888546051
1748517799037978712
1748517799239139362
1748517799396121952
1748517799558079065
1748517799708161939
1748517799866082191
1748517800035816203
1748517800195295629
1748517800331585639
1748517800468009516
1748517800628140354
1748517800762627675
1748517800897003765
1748517801048615957
1748517801196957911
1748517801332456915
1748517801468800787
1748517801605246241
1748517801765486077
1748517801899996699
1748517802035542714
1748517802171397485
1748517802335466015
1748517802470048783
1748517802603289426
1748517802739313891
1748517802873596809
1748517803024409856
1748517803209378190
1748517803373290792
1748517803508842281
1748517803644221696
1748517803806464831
1748517803942103114
1748517804106757897
1748517804240588999
1748517804408325813
1748517804554547433
1748517804711918939
1748517804848050828
1748517804984260991
1748517805178970009
1748517805312818736
1748517805450058040
1748517805616303240
1748517805754886700
1748517805886491051
1748517806023500308
1748517806153173957
1748517806290184774
1748517806459798318
1748517806627963922
1748517806792530883
1748517806951645766
1748517807085406103
1748517807229987842
1748517807385434622
1748517807520401877
1748517807655932357
1748517807821780963
1748517807958741058
1748517808094242447
1748517808256029657
1748517808392039523
1748517808526659024
1748517808707474240
1748517808890769855
1748517809026097568
1748517809162097399
1748517809298562193
1748517809459173026
1748517809593980175
1748517809728320155
1748517809863683676
1748517810000383022
1748517810161260918
1748517810295625038
1748517810430791141
1748517810564684814
1748517810698980556
1748517810834532003
1748517810971648173
1748517811131674365
1748517811265422682
1748517811398396403
1748517811532459405
1748517811666436446
1748517811799732371
1748517811934635610
1748517812068839911
1748517812203002055
1748517812335810590
1748517812471917622
1748517812606770014
1748517812743677751
1748517812904609980
1748517813040794371
1748517813176172116
1748517813313360372
1748517813473087738
1748517813607742094
1748517813745084094
1748517813922368800
1748517814080575399
1748517814244290220
1748517814378450414
1748517814512501014
1748517814648131942
1748517814782413200
1748517814922082316
1748517815081307744
1748517815215406766
1748517815351144805
1748517815513920954
1748517815648910941
1748517815785064528
1748517815924625728
1748517816082698606
1748517816216941036
1748517816351231721
1748517816502891739
1748517816701379096
1748517816903134049
1748517817103079321
1748517817289310889
1748517817440869064
1748517817621615394
1748517817773362956
1748517817956084545
1748517818090792040
1748517818226489523
1748517818363987225
1748517818524788921
1748517818659403170
1748517818795180753
